000 0
100 1
110     +1
111         +1
200 4
210     +1
211         +1
220     +3
221         +1
222         +2
300 10
310     +1
311         +1
320     +3
321         +1
322         +2
330     +6
331         +1
332         +2
333         +3
400 20
410     +1
411         +1
420     +3
421         +1
422         +2
430     +6
431         +1
432         +2
433         +3
440     +10
441         +1
442         +2
443         +3
444         +4
500 35
510     +1
511         +1
520     +3
521         +1
522         +2
530     +6
531         +1
532         +2
533         +3
540     +10
541         +1
542         +2
543         +3
544         +4
550     +15
551         +1
552         +2
553         +3
554         +4
555         +5
    56
